Run with:
MAX_MSG=200
MIN_PROCESSES=2
STEP_PROCESSES=2
MAX_PROCESSES=24
N_RUNS=10

VC clock stats:
                     count      mean       std       min       25%       50%       75%       max
Number of processes                                                                             
2                     10.0  0.043595  0.002952  0.039629  0.042074  0.042880  0.044986  0.049081
4                     10.0  0.059272  0.003658  0.053830  0.057476  0.058741  0.059801  0.066734
6                     10.0  0.071850  0.007107  0.063456  0.066907  0.070327  0.074628  0.086063
8                     10.0  0.085140  0.024194  0.068585  0.075624  0.077493  0.081887  0.152522
10                    10.0  0.088525  0.007451  0.078374  0.085454  0.088173  0.089324  0.105857
12                    10.0  0.092896  0.011365  0.079209  0.085362  0.090338  0.094713  0.116196
14                    10.0  0.091259  0.004431  0.086397  0.086783  0.091471  0.094596  0.097350
16                    10.0  0.093504  0.003925  0.088932  0.090974  0.091952  0.095167  0.101981
18                    10.0  0.100565  0.007641  0.085983  0.098316  0.099339  0.104706  0.111779
20                    10.0  0.103290  0.007916  0.090843  0.097753  0.102830  0.108096  0.117695
22                    10.0  0.105788  0.006019  0.094757  0.104172  0.105483  0.107491  0.114691
24                    10.0  0.108452  0.006401  0.097259  0.103511  0.109910  0.111960  0.119164

EVC clock stats:
                     count      mean       std       min       25%       50%       75%       max
Number of processes                                                                             
2                     10.0  0.052899  0.003882  0.046829  0.050950  0.053046  0.053825  0.061071
4                     10.0  0.096054  0.007294  0.084180  0.091552  0.097765  0.102003  0.104565
6                     10.0  0.166164  0.010092  0.150179  0.159585  0.166867  0.174030  0.182187
8                     10.0  0.241934  0.013879  0.225171  0.232392  0.240550  0.251058  0.267519
10                    10.0  0.386592  0.048059  0.339241  0.356623  0.363871  0.417100  0.490287
12                    10.0  0.571095  0.044339  0.503106  0.535190  0.581770  0.598014  0.643246
14                    10.0  0.807354  0.062050  0.721577  0.759214  0.820683  0.843829  0.914983
16                    10.0  1.097465  0.062586  1.021581  1.038004  1.102387  1.153540  1.177085
18                    10.0  1.472660  0.119739  1.223825  1.437898  1.454475  1.501687  1.671018
20                    10.0  1.970216  0.123589  1.802382  1.868136  1.986341  2.020526  2.169490
22                    10.0  2.512878  0.225183  2.181078  2.377015  2.516226  2.636938  2.912221
24                    10.0  3.184317  0.280661  2.814429  3.030160  3.123611  3.325622  3.757955

REVC clock stats:
                     count      mean       std       min       25%       50%       75%       max
Number of processes                                                                             
2                     10.0  0.061373  0.005674  0.051328  0.057064  0.063126  0.064515  0.069112
4                     10.0  0.121199  0.012343  0.099469  0.116336  0.121603  0.126234  0.141744
6                     10.0  0.161376  0.010135  0.147312  0.153975  0.161337  0.166950  0.176576
8                     10.0  0.210627  0.016860  0.187601  0.197934  0.210135  0.226559  0.231847
10                    10.0  0.288976  0.020994  0.261387  0.276029  0.287364  0.300538  0.327703
12                    10.0  0.390008  0.018903  0.354646  0.378744  0.398271  0.403548  0.408754
14                    10.0  0.553946  0.027536  0.512138  0.531206  0.560166  0.576497  0.587252
16                    10.0  0.733780  0.048146  0.670680  0.689266  0.739159  0.757849  0.813926
18                    10.0  1.038333  0.065960  0.931496  0.999655  1.031939  1.070471  1.140039
20                    10.0  1.311458  0.100859  1.207775  1.252786  1.276898  1.341720  1.565377
22                    10.0  1.678406  0.092886  1.509329  1.686653  1.706381  1.742785  1.759150
24                    10.0  2.111857  0.183564  1.776072  2.024433  2.089877  2.225586  2.404441

DMTREVC clock stats:
                     count      mean       std       min       25%       50%       75%       max
Number of processes                                                                             
2                     10.0  0.063796  0.005361  0.053477  0.061375  0.066159  0.067432  0.069041
4                     10.0  0.107965  0.006274  0.097876  0.104305  0.107562  0.110094  0.120533
6                     10.0  0.151189  0.011841  0.125104  0.151710  0.154961  0.157196  0.165307
8                     10.0  0.217312  0.013169  0.199712  0.209797  0.216598  0.225220  0.243146
10                    10.0  0.305067  0.013557  0.285450  0.297700  0.305185  0.312191  0.328498
12                    10.0  0.452689  0.030976  0.401327  0.434342  0.461136  0.467412  0.502599
14                    10.0  0.652605  0.048778  0.577920  0.625434  0.646306  0.694767  0.723166
16                    10.0  0.929452  0.054864  0.857753  0.892769  0.927362  0.957114  1.029596
18                    10.0  1.432384  0.098863  1.311866  1.355797  1.417748  1.481408  1.621518
20                    10.0  2.144129  0.144121  1.958639  2.062245  2.098264  2.230552  2.449711
22                    10.0  3.400389  0.305261  2.983983  3.277699  3.303476  3.624425  3.968955
24                    10.0  4.757525  0.254885  4.509608  4.546666  4.670565  4.935457  5.276633
